2000.000000	0.622866   
1995.000000	0.614333   
1990.000000	0.610351   
1985.000000	0.620915   
1980.000000	0.633481   
1975.000000	0.630914   
1970.000000	0.632216   
1965.000000	0.628892   
1960.000000	0.634172   
1955.000000	0.640669   
1950.000000	0.652022   
1945.000000	0.632173   
1940.000000	0.632389   
1935.000000	0.620826   
1930.000000	0.633931   
1925.000000	0.605168   
1920.000000	0.611311   
1915.000000	0.626189   
1910.000000	0.606184   
1905.000000	0.607996   
1900.000000	0.620524   
1895.000000	0.626623   
1890.000000	0.636000   
1885.000000	0.628448   
1880.000000	0.628273   
1875.000000	0.609682   
1870.000000	0.620446   
1865.000000	0.622409   
1860.000000	0.624058   
1855.000000	0.633053   
1850.000000	0.627094   
1845.000000	0.620511   
1840.000000	0.616134   
1835.000000	0.622539   
1830.000000	0.619001   
1825.000000	0.616232   
1820.000000	0.617927   
1815.000000	0.623157   
1810.000000	0.626875   
1805.000000	0.626916   
1800.000000	0.630657   
1795.000000	0.627023   
1790.000000	0.636557   
1785.000000	0.631534   
1780.000000	0.629861   
1775.000000	0.630715   
1770.000000	0.630721   
1765.000000	0.629581   
1760.000000	0.630701   
1755.000000	0.628758   
1750.000000	0.632840   
1745.000000	0.632350   
1740.000000	0.632925   
1735.000000	0.630501   
1730.000000	0.635884   
1725.000000	0.631120   
1720.000000	0.626403   
1715.000000	0.630043   
1710.000000	0.628824   
1705.000000	0.631890   
1700.000000	0.626974   
1695.000000	0.631178   
1690.000000	0.634839   
1685.000000	0.632927   
1680.000000	0.635678   
1675.000000	0.629742   
1670.000000	0.633445   
1665.000000	0.630995   
1660.000000	0.629466   
1655.000000	0.633470   
1650.000000	0.636336   
1645.000000	0.633713   
1640.000000	0.634625   
1635.000000	0.636447   
1630.000000	0.635453   
1625.000000	0.636603   
1620.000000	0.634143   
1615.000000	0.635566   
1610.000000	0.632840   
1605.000000	0.632467   
1600.000000	0.632879   
1595.000000	0.634595   
1590.000000	0.634409   
1585.000000	0.634830   
1580.000000	0.636433   
1575.000000	0.636637   
1570.000000	0.638829   
1565.000000	0.635754   
1560.000000	0.637267   
1555.000000	0.637002   
1550.000000	0.639279   
1545.000000	0.637049   
1540.000000	0.639361   
1535.000000	0.637950   
1530.000000	0.637349   
1525.000000	0.636350   
1520.000000	0.637468   
1515.000000	0.636760   
1510.000000	0.638330   
1505.000000	0.638163   
1500.000000	0.640690   
1495.000000	0.640462   
1490.000000	0.643205   
1485.000000	0.643946   
1480.000000	0.642125   
1475.000000	0.640633   
1470.000000	0.640765   
1465.000000	0.643024   
1460.000000	0.640433   
1455.000000	0.641839   
1450.000000	0.642474   
1445.000000	0.642981   
1440.000000	0.643235   
1435.000000	0.645425   
1430.000000	0.647191   
1425.000000	0.647948   
1420.000000	0.648629   
1415.000000	0.649539   
1410.000000	0.646539   
1405.000000	0.644466   
1400.000000	0.646730   
1395.000000	0.647789   
1390.000000	0.642889   
1385.000000	0.642838   
1380.000000	0.647810   
1375.000000	0.649354   
1370.000000	0.642953   
1365.000000	0.636695   
1360.000000	0.636976   
1355.000000	0.640678   
1350.000000	0.642650   
1345.000000	0.647662   
1340.000000	0.648053   
1335.000000	0.647561   
1330.000000	0.648498   
1325.000000	0.649408   
1320.000000	0.651839   
1315.000000	0.651279   
1310.000000	0.651050   
1305.000000	0.651815   
1300.000000	0.651510   
1295.000000	0.650282   
1290.000000	0.651744   
1285.000000	0.650610   
1280.000000	0.650280   
1275.000000	0.651296   
1270.000000	0.651925   
1265.000000	0.652518   
1260.000000	0.653372   
1255.000000	0.655026   
1250.000000	0.655527   
1245.000000	0.654547   
1240.000000	0.653608   
1235.000000	0.652154   
1230.000000	0.652719   
1225.000000	0.655580   
1220.000000	0.657552   
1215.000000	0.658719   
1210.000000	0.659466   
1205.000000	0.659445   
1200.000000	0.657725   
1195.000000	0.654893   
1190.000000	0.653708   
1185.000000	0.656745   
1180.000000	0.658159   
1175.000000	0.659505   
1170.000000	0.661257   
1165.000000	0.659316   
1160.000000	0.657915   
1155.000000	0.658880   
1150.000000	0.659301   
1145.000000	0.661448   
1140.000000	0.663560   
1135.000000	0.663760   
1130.000000	0.662093   
1125.000000	0.661626   
1120.000000	0.663047   
1115.000000	0.664659   
1110.000000	0.666292   
1105.000000	0.668241   
1100.000000	0.668087   
1095.000000	0.666989   
1090.000000	0.667707   
1085.000000	0.666836   
1080.000000	0.666925   
1075.000000	0.668322   
1070.000000	0.668900   
1065.000000	0.669375   
1060.000000	0.669439   
1055.000000	0.671150   
1050.000000	0.673197   
1045.000000	0.671140   
1040.000000	0.672194   
1035.000000	0.675419   
1030.000000	0.674521   
1025.000000	0.673093   
1020.000000	0.673973   
1015.000000	0.675723   
1010.000000	0.675610   
1005.000000	0.676148   
1000.000000	0.675744   
995.000000	 0.677627   
990.000000	 0.675567   
985.000000	 0.675049   
980.000000	 0.679453   
975.000000	 0.678616   
970.000000	 0.679112   
965.000000	 0.681206   
960.000000	 0.684991   
955.000000	 0.687973   
950.000000	 0.682986   
945.000000	 0.680366   
940.000000	 0.682411   
935.000000	 0.687748   
930.000000	 0.688721   
925.000000	 0.685314   
920.000000	 0.686280   
915.000000	 0.691184   
910.000000	 0.687728   
905.000000	 0.688030   
900.000000	 0.691718   
895.000000	 0.700468   
890.000000	 0.695548   
885.000000	 0.683328   
880.000000	 0.688318   
875.000000	 0.696777   
870.000000	 0.691428   
865.000000	 0.664040   
860.000000	 0.704790   
855.000000	 0.746241   
850.000000	 0.759833   
845.000000	 0.761532   
840.000000	 0.760878   
835.000000	 0.759940   
830.000000	 0.761529   
825.000000	 0.761312   
820.000000	 0.762285   
815.000000	 0.763255   
810.000000	 0.764848   
805.000000	 0.764871   
800.000000	 0.766400   
795.000000	 0.764504   
790.000000	 0.764679   
785.000000	 0.766963   
780.000000	 0.767757   
775.000000	 0.767749   
770.000000	 0.768462   
765.000000	 0.768827   
760.000000	 0.770166   
755.000000	 0.770592   
750.000000	 0.770822   
745.000000	 0.771183   
740.000000	 0.772222   
735.000000	 0.772740   
730.000000	 0.773681   
725.000000	 0.774643   
720.000000	 0.775276   
715.000000	 0.775371   
710.000000	 0.777286   
705.000000	 0.777779   
700.000000	 0.778056   
695.000000	 0.779632   
690.000000	 0.781168   
685.000000	 0.781232   
680.000000	 0.781167   
675.000000	 0.782029   
670.000000	 0.783566   
665.000000	 0.784625   
660.000000	 0.784752   
655.000000	 0.786194   
650.000000	 0.787524   
645.000000	 0.788156   
640.000000	 0.789702   
635.000000	 0.790824   
630.000000	 0.792065   
625.000000	 0.793477   
620.000000	 0.794824   
615.000000	 0.796226   
610.000000	 0.797482   
605.000000	 0.799120   
600.000000	 0.801336   
595.000000	 0.803158   
590.000000	 0.804473   
585.000000	 0.807224   
580.000000	 0.809395   
575.000000	 0.811781   
570.000000	 0.814881   
565.000000	 0.818556   
560.000000	 0.823326   
555.000000	 0.824021   
550.000000	 0.826329   
545.000000	 0.831323   
540.000000	 0.836521   
535.000000	 0.841788   
530.000000	 0.848585   
525.000000	 0.855381   
520.000000	 0.861994   
515.000000	 0.873421   
510.000000	 0.895100   
505.000000	 0.945736   
500.000000	 1.023482   
495.000000	 1.112342   
490.000000	 1.213789   
485.000000	 1.331184   
480.000000	 1.459127   
475.000000	 1.595173   
470.000000	 1.740988   
465.000000	 1.901386   
460.000000	 2.074582   
455.000000	 2.264890   
450.000000	 2.473069   
445.000000	 2.695349   
440.000000	 2.930359   
435.000000	 3.181364   
430.000000	 3.489077   
425.000000	 3.753172   
420.000000	 3.824801   
415.000000	 3.908684   
410.000000	 4.107593   
405.000000	 4.309335   
400.000000	 4.054462   
395.000000	 4.028746   
390.000000	 3.891950   
385.000000	 3.712111   
380.000000	 3.961250   
375.000000	 4.247276   
370.000000	 300.000000 
365.000000	 300.000000 
360.000000	 300.000000 
355.000000	 3.709714   
350.000000	 2.997228   